intrinsic: 
552.3672694945392 0                 630.2715153347292
0                 550.8031509014584 367.813849256159
0                 0                 1

distortion
-0.03711797811191134 0.08700465682055589 0.0008999974940207704 -0.00194238152230087 -0.03315618001484131


